May-06-2023:179.76920058688924,41.85321277550994
May-07-2023:178.93331486444072,31.69771092823634
May-08-2023:178.93331486444072,31.69771092823634
May-09-2023:171.42219495333535,28.400428873408256
May-10-2023:175.41720228579035,14.351111762888253

