Oct-27-2022:171.34159249074983,31.121454594303543
Oct-28-2022:178.70830236750706,33.343944512654698
Oct-29-2022:178.41325073411792,30.251420054948323
Oct-30-2022:120.15633998265879,50.808137206107208
Oct-31-2022:179.91768528287824,30.942669721843295
Nov-1-2022:179.42050540699668,35.804919792172514
Nov-2-2022:110.08270227553976,31.59841501812299
Nov-03-2022:164.77049565404553,68.6629872124333
Nov-19-2022:166.76831922773303,32.2820545207313057
Nov-29-2022:172.44880402868426,32.38470294931631
Nov-29-2022:155.2003159766921,40.91512223162184
Nov-29-2022:155.35045437205002,33.40545213720797
Nov-29-2022:179.60391760015602,79.9579146670136
