Oct-27-2022:180.34159249074983,1.121454594303543
Oct-28-2022:175.70830236750706,3.343944512654698
Oct-29-2022:160.41325073411792,0.251420054948323
Oct-30-2022:120.15633998265879,0.808137206107208
Oct-31-2022:31.91768528287824,0.942669721843295
Nov-1-2022:179.42050540699668,5.804919792172514
Nov-2-2022:150.08270227553976,1.59841501812299
